mcwhl5data=[0,1.52e-05
    320.14818,1.52E-05
320.25686,1.47E-05
320.36556,1.18E-05
320.47425,1.01E-05
320.58296,8.38E-06
320.69167,9.99E-06
320.80039,7.69E-06
320.90911,9.87E-06
321.01784,9.87E-06
321.12658,1.21E-05
321.23532,1.02E-05
321.34407,9.53E-06
321.45283,9.07E-06
321.56159,8.15E-06
321.67036,7.81E-06
321.77913,7.00E-06
321.88791,5.74E-06
321.9967,4.14E-06
322.10549,4.02E-06
322.21429,6.89E-06
322.32309,9.87E-06
322.4319,1.19E-05
322.54072,1.02E-05
322.64954,1.08E-05
322.75837,9.19E-06
322.86721,8.73E-06
322.97605,7.81E-06
323.0849,1.10E-05
323.19376,1.06E-05
323.30262,8.73E-06
323.41148,6.20E-06
323.52036,8.04E-06
323.62924,1.01E-05
323.73812,8.96E-06
323.84701,8.61E-06
323.95591,7.35E-06
324.06482,7.81E-06
324.17373,7.92E-06
324.28264,8.15E-06
324.39156,8.96E-06
324.50049,8.96E-06
324.60943,1.32E-05
324.71837,1.34E-05
324.82732,1.57E-05
324.93627,1.07E-05
325.04523,8.84E-06
325.1542,4.60E-06
325.26317,4.14E-06
325.37215,5.16E-06
325.48113,9.30E-06
325.59012,9.65E-06
325.69912,8.04E-06
325.80812,6.08E-06
325.91713,1.17E-05
326.02614,1.17E-05
326.13517,1.04E-05
326.24419,5.97E-06
326.35323,7.35E-06
326.46227,5.74E-06
326.57131,6.43E-06
326.68037,5.97E-06
326.78942,9.99E-06
326.89849,8.04E-06
327.00756,8.61E-06
327.11664,6.78E-06
327.22572,6.54E-06
327.33481,6.20E-06
327.4439,9.76E-06
327.553,1.16E-05
327.66211,1.25E-05
327.77122,9.65E-06
327.88034,1.02E-05
327.98947,8.50E-06
328.0986,8.38E-06
328.20774,8.38E-06
328.31688,1.01E-05
328.42603,8.15E-06
328.53519,9.53E-06
328.64435,9.76E-06
328.75352,1.08E-05
328.8627,1.03E-05
328.97188,8.38E-06
329.08106,9.07E-06
329.19026,7.81E-06
329.29946,9.30E-06
329.40866,9.53E-06
329.51787,8.61E-06
329.62709,6.89E-06
329.73631,5.86E-06
329.84554,7.23E-06
329.95478,8.38E-06
330.06402,1.17E-05
330.17327,1.08E-05
330.28252,1.10E-05
330.39178,7.46E-06
330.50105,8.73E-06
330.61032,8.84E-06
330.7196,1.25E-05
330.82889,1.17E-05
330.93818,1.26E-05
331.04747,1.08E-05
331.15678,1.09E-05
331.26609,1.10E-05
331.3754,1.01E-05
331.48472,1.37E-05
331.59405,1.18E-05
331.70338,1.37E-05
331.81272,9.87E-06
331.92207,9.41E-06
332.03142,7.23E-06
332.14078,8.27E-06
332.25014,9.87E-06
332.35951,8.61E-06
332.46889,9.76E-06
332.57827,1.01E-05
332.68766,1.17E-05
332.79705,8.38E-06
332.90645,6.43E-06
333.01586,6.89E-06
333.12527,8.15E-06
333.23469,1.18E-05
333.34411,1.21E-05
333.45354,1.24E-05
333.56298,1.01E-05
333.67242,1.01E-05
333.78187,1.07E-05
333.89132,1.01E-05
334.00078,9.53E-06
334.11025,6.43E-06
334.21972,9.53E-06
334.3292,9.07E-06
334.43869,9.87E-06
334.54818,5.86E-06
334.65767,7.00E-06
334.76718,7.81E-06
334.87669,9.30E-06
334.9862,8.73E-06
335.09572,9.65E-06
335.20525,1.11E-05
335.31478,1.07E-05
335.42432,9.76E-06
335.53387,8.04E-06
335.64342,8.27E-06
335.75297,7.92E-06
335.86254,9.19E-06
335.97211,1.04E-05
336.08168,1.25E-05
336.19126,1.09E-05
336.30085,8.84E-06
336.41044,7.23E-06
336.52004,7.92E-06
336.62965,9.41E-06
336.73926,8.27E-06
336.84888,1.18E-05
336.9585,1.37E-05
337.06813,1.86E-05
337.17777,1.65E-05
337.28741,1.40E-05
337.39705,1.19E-05
337.50671,1.03E-05
337.61637,9.76E-06
337.72603,9.87E-06
337.8357,1.18E-05
337.94538,1.15E-05
338.05506,9.76E-06
338.16475,8.38E-06
338.27445,8.73E-06
338.38415,9.76E-06
338.49386,9.07E-06
338.60357,8.73E-06
338.71329,8.61E-06
338.82301,8.61E-06
338.93274,9.53E-06
339.04248,8.38E-06
339.15222,8.84E-06
339.26197,1.02E-05
339.37173,8.96E-06
339.48149,9.53E-06
339.59126,8.50E-06
339.70103,8.73E-06
339.81081,7.46E-06
339.92059,9.76E-06
340.03038,1.18E-05
340.14018,1.19E-05
340.24998,1.01E-05
340.35979,8.84E-06
340.46961,9.53E-06
340.57943,1.29E-05
340.68925,1.61E-05
340.79909,1.60E-05
340.90892,1.39E-05
341.01877,1.06E-05
341.12862,1.02E-05
341.23848,9.99E-06
341.34834,1.07E-05
341.45821,9.76E-06
341.56808,8.50E-06
341.67796,9.41E-06
341.78785,1.07E-05
341.89774,1.10E-05
342.00764,9.87E-06
342.11754,1.21E-05
342.22745,1.04E-05
342.33736,9.19E-06
342.44729,7.00E-06
342.55721,1.10E-05
342.66715,1.25E-05
342.77709,1.38E-05
342.88703,9.87E-06
342.99698,9.19E-06
343.10694,7.35E-06
343.2169,7.69E-06
343.32687,7.92E-06
343.43685,7.23E-06
343.54683,9.30E-06
343.65681,1.02E-05
343.76681,1.04E-05
343.8768,9.30E-06
343.98681,8.84E-06
344.09682,8.84E-06
344.20684,8.50E-06
344.31686,9.19E-06
344.42689,1.11E-05
344.53692,1.12E-05
344.64696,1.19E-05
344.757,1.07E-05
344.86706,1.07E-05
344.97711,9.30E-06
345.08718,8.04E-06
345.19725,9.87E-06
345.30732,9.53E-06
345.4174,1.26E-05
345.52749,9.65E-06
345.63758,9.30E-06
345.74768,5.74E-06
345.85779,9.87E-06
345.9679,9.30E-06
346.07801,1.35E-05
346.18813,1.27E-05
346.29826,1.62E-05
346.4084,1.50E-05
346.51854,1.21E-05
346.62868,7.81E-06
346.73883,6.78E-06
346.84899,7.69E-06
346.95915,1.07E-05
347.06932,9.99E-06
347.1795,8.15E-06
347.28968,5.62E-06
347.39987,8.04E-06
347.51006,8.04E-06
347.62026,1.07E-05
347.73046,7.46E-06
347.84067,9.19E-06
347.95089,8.27E-06
348.06111,9.99E-06
348.17134,9.19E-06
348.28157,8.38E-06
348.39181,8.04E-06
348.50205,9.19E-06
348.6123,8.96E-06
348.72256,6.78E-06
348.83282,6.32E-06
348.94309,6.66E-06
349.05337,8.61E-06
349.16365,1.04E-05
349.27393,1.33E-05
349.38423,1.55E-05
349.49452,1.23E-05
349.60483,9.87E-06
349.71514,8.38E-06
349.82545,8.96E-06
349.93577,1.07E-05
350.0461,9.41E-06
350.15643,9.07E-06
350.26677,1.16E-05
350.37711,1.23E-05
350.48746,1.43E-05
350.59782,9.41E-06
350.70818,7.69E-06
350.81855,7.81E-06
350.92892,8.96E-06
351.0393,1.12E-05
351.14969,1.26E-05
351.26008,1.34E-05
351.37047,1.39E-05
351.48088,1.09E-05
351.59128,8.96E-06
351.7017,8.27E-06
351.81212,1.11E-05
351.92254,1.30E-05
352.03298,1.55E-05
352.14341,1.34E-05
352.25386,1.32E-05
352.3643,9.41E-06
352.47476,6.89E-06
352.58522,7.69E-06
352.69568,9.99E-06
352.80616,1.29E-05
352.91663,1.09E-05
353.02712,1.03E-05
353.13761,1.04E-05
353.2481,1.14E-05
353.3586,1.06E-05
353.46911,9.53E-06
353.57962,1.02E-05
353.69014,1.04E-05
353.80066,1.19E-05
353.91119,1.07E-05
354.02173,1.02E-05
354.13227,1.03E-05
354.24282,1.06E-05
354.35337,8.96E-06
354.46393,7.92E-06
354.57449,8.15E-06
354.68506,8.61E-06
354.79564,9.53E-06
354.90622,1.02E-05
355.01681,9.30E-06
355.1274,1.04E-05
355.238,1.04E-05
355.3486,1.49E-05
355.45921,1.19E-05
355.56983,1.24E-05
355.68045,9.07E-06
355.79108,9.30E-06
355.90171,6.32E-06
356.01235,1.12E-05
356.12299,8.96E-06
356.23364,1.03E-05
356.3443,4.48E-06
356.45496,5.97E-06
356.56563,5.28E-06
356.6763,8.50E-06
356.78698,9.07E-06
356.89767,9.65E-06
357.00836,8.27E-06
357.11905,1.03E-05
357.22975,9.41E-06
357.34046,8.50E-06
357.45117,6.54E-06
357.56189,8.50E-06
357.67262,8.50E-06
357.78335,9.19E-06
357.89408,8.50E-06
358.00483,7.81E-06
358.11557,7.35E-06
358.22633,6.32E-06
358.33709,7.69E-06
358.44785,7.46E-06
358.55862,8.38E-06
358.6694,8.61E-06
358.78018,8.15E-06
358.89097,9.30E-06
359.00176,8.27E-06
359.11256,7.00E-06
359.22336,3.90E-06
359.33417,5.86E-06
359.44499,9.19E-06
359.55581,1.21E-05
359.66664,1.08E-05
359.77747,9.53E-06
359.88831,7.46E-06
359.99916,8.50E-06
360.11001,8.73E-06
360.22086,9.65E-06
360.33172,1.07E-05
360.44259,1.07E-05
360.55346,1.42E-05
360.66434,1.17E-05
360.77522,1.08E-05
360.88611,7.46E-06
360.99701,7.46E-06
361.10791,8.50E-06
361.21882,6.78E-06
361.32973,9.99E-06
361.44065,1.27E-05
361.55157,1.64E-05
361.6625,1.66E-05
361.77344,1.29E-05
361.88438,9.99E-06
361.99532,8.38E-06
362.10628,1.04E-05
362.21723,1.15E-05
362.3282,9.76E-06
362.43917,9.99E-06
362.55014,9.07E-06
362.66112,1.09E-05
362.77211,9.41E-06
362.8831,8.84E-06
362.9941,4.82E-06
363.1051,6.20E-06
363.21611,6.78E-06
363.32712,9.65E-06
363.43814,8.04E-06
363.54917,7.92E-06
363.6602,8.73E-06
363.77123,8.15E-06
363.88228,8.73E-06
363.99332,9.53E-06
